"0 
-59.255 -59.255 
561.712 561.712
 1050.742 1050.742 1050.742 
 1265.624 1265.624 
 1672.953 1672.953 
 2679.326 2679.326 
 2679.326"


" 
6960.141 6960.141 
7037.596 7037.596 
7111.424 7111.424 
7160.594 7160.594"



|Z|>7

" 
 9834.49 
10245.077 10245.077 10245.077
10316.886 10316.886 
10946.288 10946.288"

" 
12419.102 12419.102
13214.92 13214.92 13214.92 
13290.464 13290.464 
13395.775 13395.775 
13707.971 13707.971 13707.971"

"
15574.966 15574.966 
17656.068 17656.068 
18393.352 18393.352 18393.352"